   1.9291300e+01
   2.8900000e-01
   1.8356800e+01
   1.9182800e+01
   1.8863600e+01
   1.0076100e+01
   1.8035000e+01
   1.8139100e+01
   1.8383900e+01
   1.8816300e+01
   1.4251400e+01
   1.9532000e+00
   1.9646900e+01
   7.2050000e-01
   3.9612000e+00
   5.2870000e-01
   1.3164000e+01
   1.8728100e+01
   1.7078600e+01
   1.9972000e+01
   9.1660000e-01
   1.9524400e+01
   1.9619300e+01
   1.9148400e+01
   1.8367300e+01
   1.8472600e+01
   1.9693000e+00
   1.9219000e+01
   1.9072400e+01
   1.6817100e+01
   3.9513000e+00
   1.8760400e+01
   5.4920000e-01
   1.9671600e+01
   1.2998500e+01
   1.8715300e+01
   1.9743100e+01
   1.9718600e+01
   1.4771400e+01
   1.2018000e+00
   1.8984600e+01
   4.0720000e+00
   1.8336200e+01
   1.8341900e+01
   7.2200000e-01
   1.4547600e+01
   1.2550200e+01
   1.9449800e+01
   1.3191300e+01
   1.8959200e+01
   1.3427500e+01
   1.9922000e+00
   1.9754000e+01
   1.9081500e+01
   1.9856900e+01
   1.9081000e+01
   1.3005900e+01
   8.9565000e+00
   9.7650000e-01
   1.9530200e+01
   1.9311400e+01
   1.1426500e+01
   7.6640000e+00
   1.8088300e+01
   3.7922000e+00
   1.9054900e+01
   5.0358000e+00
   1.8229000e+01
   4.8930000e-01
   1.8686700e+01
   1.4650200e+01
   1.8057800e+01
   3.2900000e-01
   1.8197200e+01
   5.6160000e+00
   4.4400000e-01
   5.6340000e-01
   1.8641300e+01
   1.5410700e+01
   1.9320800e+01
   1.9327300e+01
   8.9560000e-01
   7.0010000e-01
   1.6093500e+01
   5.5847000e+00
   1.9307300e+01
   1.8434600e+01
   1.3146800e+01
   1.8452300e+01
   1.9579700e+01
   3.4752000e+00
   1.8167300e+01
   1.6473600e+01
   2.5030000e-01
   1.3034300e+01
   1.8608600e+01
   4.7720000e-01
   1.9380100e+01
   1.8537200e+01
   1.9771300e+01
